id,value
sonuc
